MOD_1

37.328615625	97.34326875

191.3

MOD_2

59.371903125	93.89949375

168.8

MOD_3

78.4059625		82.242109375

146.3

MOD_4

91.532346875	64.18766875

123.8

MOD_5

96.75379375		42.511021875

101.3

MOD_6

93.31001875		20.467734375

78.8

MOD_7

81.652634375	1.433675

56.3

MOD_8

63.59813125		-11.690590625

33.8

MOD_9

41.921709375	-16.9122

11.3

MOD_10

19.878421875	-13.468425

348.8

MOD_11

0.8443625	-1.811040625

326.3

MOD_12

-12.280534375	16.243425

303.8

MOD_13

-17.50198125  37.920071875

281.3

MOD_14

-14.05820625  59.963359375

258.8


MOD_15

-2.40250625 78.996765625

236.3


MOD_16

15.65196875 92.121821875

213.8

